PROFILE High_conductivity_fe TYPE 1  5 By Petrel 2019.2                         2d_ci7m_gf.ifdf  m  m
  7.11258556E+05  7.14727478E+06  1 14   190.10      0.00 191575.00    1               2 200601                                    
  7.11223111E+05  7.14727356E+06  1 14   150.14      0.00 191576.00    2               2 200601                                    
  7.11187667E+05  7.14727233E+06  1 14   133.32      0.00 191577.00    3               2 200601                                    
  7.11152222E+05  7.14727111E+06  1 14   120.65      0.00 191578.00    4               2 200601                                    
  7.11116778E+05  7.14726989E+06  1 14   116.51      0.00 191579.00    5               2 200601                                    
  7.11081333E+05  7.14726867E+06  1 14   105.76      0.00 191580.00    6               2 200601                                    
  7.11045889E+05  7.14726744E+06  1 14    99.70      0.00 191581.00    7               2 200601                                    
  7.11010444E+05  7.14726622E+06  1 14    93.36      0.00 191582.00    8               2 200601                                    
  7.10975000E+05  7.14726500E+06  1 14    87.02      0.00 191583.00    9               2 200601                                    
  7.10943375E+05  7.14725813E+06  1 14    82.61      0.00 191584.00   10               2 200601                                    
  7.10911750E+05  7.14725125E+06  1 14    82.61      0.00 191585.00   11               2 200601                                    
  7.09965651E+05  7.14721674E+06  2 14   101.63      0.00 191614.00   40               2 200601                                    
  7.09931744E+05  7.14721728E+06  2 14   116.51      0.00 191615.00   41               2 200601                                    
  7.09897837E+05  7.14721781E+06  2 14   126.99      0.00 191616.00   42               2 200601                                    
  7.09863930E+05  7.14721835E+06  2 14   135.25      0.00 191617.00   43               2 200601                                    
  7.09830023E+05  7.14721888E+06  2 14   190.10      0.00 191618.00   44               2 200601                                    
  7.09796116E+05  7.14721942E+06  2 14   221.53      0.00 191619.00   45               2 200601                                    
  7.09762209E+05  7.14721995E+06  2 14   278.58      0.00 191620.00   46               2 200601                                    
  7.09592674E+05  7.14722263E+06  3 14   280.51      0.00 191625.00   51               2 200601                                    
  7.09558767E+05  7.14722316E+06  3 14   261.49      0.00 191626.00   52               2 200601                                    
  7.09524860E+05  7.14722370E+06  3 14   238.34      0.00 191627.00   53               2 200601                                    
  7.09490953E+05  7.14722423E+06  3 14   225.94      0.00 191628.00   54               2 200601                                    
  7.09457047E+05  7.14722477E+06  3 14   217.39      0.00 191629.00   55               2 200601                                    
  7.09423140E+05  7.14722530E+06  3 14   204.71      0.00 191630.00   56               2 200601                                    
  7.09389233E+05  7.14722584E+06  3 14   192.31      0.00 191631.00   57               2 200601                                    
  7.09355326E+05  7.14722637E+06  3 14   169.16      0.00 191632.00   58               2 200601                                    
  7.09321419E+05  7.14722691E+06  3 14   128.91      0.00 191633.00   59               2 200601                                    
  7.09287512E+05  7.14722744E+06  3 14   131.12      0.00 191634.00   60               2 200601                                    
  7.08612111E+05  7.14722311E+06  4 14    11.22      0.00 191654.00   80               2 200601                                    
  7.08578889E+05  7.14721989E+06  4 14    17.56      0.00 191655.00   81               2 200601                                    
  7.08545667E+05  7.14721667E+06  4 14    21.69      0.00 191656.00   82               2 200601                                    
  7.08512444E+05  7.14721344E+06  4 14    23.90      0.00 191657.00   83               2 200601                                    
  7.08479222E+05  7.14721022E+06  4 14    32.17      0.00 191658.00   84               2 200601                                    
  7.08446000E+05  7.14720700E+06  4 14    38.51      0.00 191659.00   85               2 200601                                    
  7.08411895E+05  7.14720753E+06  4 14    53.39      0.00 191660.00   86               2 200601                                    
  7.08377789E+05  7.14720805E+06  4 14    53.39      0.00 191661.00   87               2 200601                                    
  7.08343684E+05  7.14720858E+06  4 14    61.66      0.00 191662.00   88               2 200601                                    
  7.08309579E+05  7.14720911E+06  4 14    78.47      0.00 191663.00   89               2 200601                                    
  7.08275474E+05  7.14720963E+06  4 14    80.68      0.00 191664.00   90               2 200601                                    
  7.08241368E+05  7.14721016E+06  4 14    91.15      0.00 191665.00   91               2 200601                                    
  7.08207263E+05  7.14721068E+06  4 14   116.51      0.00 191666.00   92               2 200601                                    
  7.08173158E+05  7.14721121E+06  4 14   126.99      0.00 191667.00   93               2 200601                                    
  7.08139053E+05  7.14721174E+06  4 14   137.46      0.00 191668.00   94               2 200601                                    
  7.08104947E+05  7.14721226E+06  4 14   152.07      0.00 191669.00   95               2 200601                                    
  7.08070842E+05  7.14721279E+06  4 14   169.16      0.00 191670.00   96               2 200601                                    
  7.08036737E+05  7.14721332E+06  4 14   196.44      0.00 191671.00   97               2 200601                                    
  7.08002632E+05  7.14721384E+06  4 14   242.75      0.00 191672.00   98               2 200601                                    
  7.07968526E+05  7.14721437E+06  4 14   263.70      0.00 191673.00   99               2 200601                                    
  7.07934421E+05  7.14721489E+06  4 14   320.48      0.00 191674.00  100               2 200601                                    
  7.07900316E+05  7.14721542E+06  4 14   312.21      0.00 191675.00  101               2 200601                                    
  7.07798000E+05  7.14721700E+06  5 14   322.68      0.00 191678.00  104               2 200601                                    
  7.07764042E+05  7.14721558E+06  5 14   312.21      0.00 191679.00  105               2 200601                                    
  7.07730083E+05  7.14721417E+06  5 14   272.24      0.00 191680.00  106               2 200601                                    
  7.07696125E+05  7.14721275E+06  5 14   255.43      0.00 191681.00  107               2 200601                                    
  7.07662167E+05  7.14721133E+06  5 14   246.88      0.00 191682.00  108               2 200601                                    
  7.07628208E+05  7.14720992E+06  5 14   223.73      0.00 191683.00  109               2 200601                                    
  7.07594250E+05  7.14720850E+06  5 14   213.26      0.00 191684.00  110               2 200601                                    
  7.07560292E+05  7.14720708E+06  5 14   204.71      0.00 191685.00  111               2 200601                                    
  7.07526333E+05  7.14720567E+06  5 14   194.24      0.00 191686.00  112               2 200601                                    
  7.07492375E+05  7.14720425E+06  5 14   187.90      0.00 191687.00  113               2 200601                                    
  7.07458417E+05  7.14720283E+06  5 14   166.95      0.00 191688.00  114               2 200601                                    
  7.07424458E+05  7.14720142E+06  5 14   154.27      0.00 191689.00  115               2 200601                                    
  7.07390500E+05  7.14720000E+06  5 14   145.68      0.00 191690.00  116               2 200601                                    
  7.07356542E+05  7.14719858E+06  5 14   137.08      0.00 191691.00  117               2 200601                                    
  7.07322583E+05  7.14719717E+06  5 14   128.48      0.00 191692.00  118               2 200601                                    
  7.07288625E+05  7.14719575E+06  5 14   119.88      0.00 191693.00  119               2 200601                                    
  7.07254667E+05  7.14719433E+06  5 14   111.29      0.00 191694.00  120               2 200601                                    
  7.07220708E+05  7.14719292E+06  5 14   102.69      0.00 191695.00  121               2 200601                                    
  7.07186750E+05  7.14719150E+06  5 14    94.09      0.00 191696.00  122               2 200601                                    
  7.07152792E+05  7.14719008E+06  5 14    85.49      0.00 191697.00  123               2 200601                                    
  7.07118833E+05  7.14718867E+06  5 14    76.90      0.00 191698.00  124               2 200601                                    
  7.07084875E+05  7.14718725E+06  5 14    68.30      0.00 191699.00  125               2 200601                                    
  7.07050917E+05  7.14718583E+06  5 14    59.70      0.00 191700.00  126               2 200601                                    
  7.07016958E+05  7.14718442E+06  5 14    51.10      0.00 191701.00  127               2 200601                                    
  7.06983000E+05  7.14718300E+06  5 14    42.51      0.00 191702.00  128               2 200601                                    
  7.06948029E+05  7.14718454E+06  5 14    33.65      0.00 191703.00  129               2 200601                                    
  7.06913057E+05  7.14718609E+06  5 14    24.80      0.00 191704.00  130               2 200601                                    
  7.06878086E+05  7.14718763E+06  5 14    15.94      0.00 191705.00  131               2 200601                                    
  7.06843114E+05  7.14718917E+06  5 14     7.09      0.00 191706.00  132               2 200601                                    
  7.05968829E+05  7.14722774E+06  6 14    59.73      0.00 191731.00  157               2 200601                                    
  7.05933857E+05  7.14722929E+06  6 14    59.73      0.00 191732.00  158               2 200601                                    
  7.05898886E+05  7.14723083E+06  6 14   116.51      0.00 191733.00  159               2 200601                                    
  7.05863914E+05  7.14723237E+06  6 14   131.40      0.00 191734.00  160               2 200601                                    
  7.05828943E+05  7.14723391E+06  6 14   167.23      0.00 191735.00  161               2 200601                                    
  7.05793971E+05  7.14723546E+06  6 14   185.97      0.00 191736.00  162               2 200601                                    
  7.05415250E+05  7.14728013E+06  7 14   203.06      0.00 191747.00  173               2 200601                                    
  7.05380875E+05  7.14728444E+06  7 14   198.65      0.00 191748.00  174               2 200601                                    
  7.05346500E+05  7.14728875E+06  7 14   179.91      0.00 191749.00  175               2 200601                                    
  7.05312125E+05  7.14729306E+06  7 14   162.82      0.00 191750.00  176               2 200601                                    
  7.05277750E+05  7.14729738E+06  7 14   150.41      0.00 191751.00  177               2 200601                                    
  7.04199059E+05  7.14743529E+06  8 14   131.40      0.00 191783.00  209               2 200601                                    
  7.04166824E+05  7.14742812E+06  8 14   133.60      0.00 191784.00  210               2 200601                                    
  7.04134588E+05  7.14742094E+06  8 14   179.91      0.00 191785.00  211               2 200601                                    
  7.04070118E+05  7.14740659E+06  9 14   194.51      0.00 191787.00  213               2 200601                                    
  7.04037882E+05  7.14739941E+06  9 14   194.51      0.00 191788.00  214               2 200601                                    
  7.04005647E+05  7.14739224E+06  9 14   184.04      0.00 191789.00  215               2 200601                                    
  7.03973412E+05  7.14738506E+06  9 14   160.89      0.00 191790.00  216               2 200601                                    
  7.03941176E+05  7.14737788E+06  9 14   137.73      0.00 191791.00  217               2 200601                                    
  7.02898400E+05  7.14723320E+06 10 14   179.91      0.00 191821.00  247               2 200601                                    
  7.02864000E+05  7.14722933E+06 10 14   207.19      0.00 191822.00  248               2 200601                                    
  7.02829600E+05  7.14722547E+06 10 14   222.08      0.00 191823.00  249               2 200601                                    
  7.02290867E+05  7.14720010E+06 11 14   224.01      0.00 191838.00  264               2 200601                                    
  7.02254400E+05  7.14719920E+06 11 14   213.53      0.00 191839.00  265               2 200601                                    
  7.02217933E+05  7.14719830E+06 11 14   200.85      0.00 191840.00  266               2 200601                                    
  7.02181467E+05  7.14719740E+06 11 14   186.25      0.00 191841.00  267               2 200601                                    
  7.02145000E+05  7.14719650E+06 11 14   169.43      0.00 191842.00  268               2 200601                                    
  7.01527655E+05  7.14718624E+06 12 14   192.59      0.00 191859.00  285               2 200601                                    
  7.01492483E+05  7.14718786E+06 12 14   230.35      0.00 191860.00  286               2 200601                                    
  7.01105586E+05  7.14720569E+06 13 14   232.55      0.00 191871.00  297               2 200601                                    
  7.01070414E+05  7.14720731E+06 13 14   219.87      0.00 191872.00  298               2 200601                                    
  7.01035241E+05  7.14720893E+06 13 14   200.85      0.00 191873.00  299               2 200601                                    
  7.01000069E+05  7.14721055E+06 13 14   194.51      0.00 191874.00  300               2 200601                                    
  6.97973625E+05  7.14716755E+06 14 14   169.43      0.00 191958.00  384               2 200601                                    
  6.97936750E+05  7.14716670E+06 14 14   184.04      0.00 191959.00  385               2 200601                                    
  6.97899875E+05  7.14716585E+06 14 14   211.33      0.00 191960.00  386               2 200601                                    
  6.97496810E+05  7.14717262E+06 15 14   209.40      0.00 191971.00  397               2 200601                                    
  6.97460190E+05  7.14717338E+06 15 14   194.51      0.00 191972.00  398               2 200601                                    
  6.96303457E+05  7.14716391E+06 16 14   158.96      0.00 192005.00  431               2 200601                                    
  6.96269086E+05  7.14716317E+06 16 14   171.64      0.00 192006.00  432               2 200601                                    
  6.96234714E+05  7.14716243E+06 16 14   182.11      0.00 192007.00  433               2 200601                                    
  6.96200343E+05  7.14716169E+06 16 14   203.33      0.00 192008.00  434               2 200601                                    
  6.95320091E+05  7.14717027E+06 17 14   197.00      0.00 192033.00  459               2 200601                                    
  6.95284409E+05  7.14717123E+06 17 14   192.59      0.00 192034.00  460               2 200601                                    
  6.95248727E+05  7.14717218E+06 17 14   171.64      0.00 192035.00  461               2 200601                                    
  6.95213045E+05  7.14717314E+06 17 14   152.62      0.00 192036.00  462               2 200601                                    
  6.94627742E+05  7.14716652E+06 18 14   148.48      0.00 192053.00  479               2 200601                                    
  6.94593581E+05  7.14716584E+06 18 14   149.19      0.00 192054.00  480               2 200601                                    
  6.94559419E+05  7.14716516E+06 18 14   149.89      0.00 192055.00  481               2 200601                                    
  6.94525258E+05  7.14716448E+06 18 14   150.60      0.00 192056.00  482               2 200601                                    
  6.94491097E+05  7.14716381E+06 18 14   151.30      0.00 192057.00  483               2 200601                                    
  6.94456935E+05  7.14716313E+06 18 14   152.01      0.00 192058.00  484               2 200601                                    
  6.94422774E+05  7.14716245E+06 18 14   152.71      0.00 192059.00  485               2 200601                                    
  6.94388613E+05  7.14716177E+06 18 14   153.42      0.00 192060.00  486               2 200601                                    
  6.94354452E+05  7.14716110E+06 18 14   154.12      0.00 192061.00  487               2 200601                                    
  6.94320290E+05  7.14716042E+06 18 14   154.82      0.00 192062.00  488               2 200601                                    
  6.94286129E+05  7.14715974E+06 18 14   157.03      0.00 192063.00  489               2 200601                                    
  6.94251968E+05  7.14715906E+06 18 14   190.66      0.00 192064.00  490               2 200601                                    
  6.94217806E+05  7.14715839E+06 18 14   201.13      0.00 192065.00  491               2 200601                                    
  6.93274442E+05  7.14715295E+06 19 14    20.04      0.00 192092.00  518               2 200601                                    
  6.93239326E+05  7.14715286E+06 19 14    47.33      0.00 192093.00  519               2 200601                                    
  6.93204209E+05  7.14715277E+06 19 14    79.03      0.00 192094.00  520               2 200601                                    
  6.93169093E+05  7.14715267E+06 19 14   106.31      0.00 192095.00  521               2 200601                                    
  6.93133977E+05  7.14715258E+06 19 14   127.54      0.00 192096.00  522               2 200601                                    
  6.93098860E+05  7.14715249E+06 19 14   154.82      0.00 192097.00  523               2 200601                                    
  6.93063744E+05  7.14715240E+06 19 14   205.26      0.00 192098.00  524               2 200601                                    
  6.92537000E+05  7.14715100E+06 20 14   217.94      0.00 192113.00  539               2 200601                                    
  6.92503875E+05  7.14715231E+06 20 14   205.26      0.00 192114.00  540               2 200601                                    
  6.92470750E+05  7.14715363E+06 20 14   201.13      0.00 192115.00  541               2 200601                                    
  6.92437625E+05  7.14715494E+06 20 14   177.98      0.00 192116.00  542               2 200601                                    
  6.92404500E+05  7.14715625E+06 20 14   139.94      0.00 192117.00  543               2 200601                                    
  6.92371375E+05  7.14715756E+06 20 14   127.54      0.00 192118.00  544               2 200601                                    
  6.92338250E+05  7.14715888E+06 20 14   118.99      0.00 192119.00  545               2 200601                                    
  6.92305125E+05  7.14716019E+06 20 14    32.72      0.00 192120.00  546               2 200601                                    
  6.92272000E+05  7.14716150E+06 20 14    24.17      0.00 192121.00  547               2 200601                                    
  6.92238875E+05  7.14716281E+06 20 14     3.23      0.00 192122.00  548               2 200601                                    
  6.92205750E+05  7.14716413E+06 20 14   -13.59      0.00 192123.00  549               2 200601                                    
  6.90238238E+05  7.14719176E+06 21 14    15.91      0.00 192182.00  608               2 200601                                    
  6.90205476E+05  7.14719052E+06 21 14    20.04      0.00 192183.00  609               2 200601                                    
  6.90172714E+05  7.14718929E+06 21 14    43.19      0.00 192184.00  610               2 200601                                    
  6.90139952E+05  7.14718805E+06 21 14    93.63      0.00 192185.00  611               2 200601                                    
  6.90107190E+05  7.14718681E+06 21 14   110.45      0.00 192186.00  612               2 200601                                    
  6.90074429E+05  7.14718557E+06 21 14   188.45      0.00 192187.00  613               2 200601                                    
  6.90041667E+05  7.14718433E+06 21 14   207.47      0.00 192188.00  614               2 200601                                    
  6.90008905E+05  7.14718310E+06 21 14   215.74      0.00 192189.00  615               2 200601                                    
  6.89976143E+05  7.14718186E+06 21 14   222.08      0.00 192190.00  616               2 200601                                    
  6.89943381E+05  7.14718062E+06 21 14   226.35      0.00 192191.00  617               2 200601                                    
  6.89910619E+05  7.14717938E+06 21 14   230.62      0.00 192192.00  618               2 200601                                    
  6.89877857E+05  7.14717814E+06 21 14   236.96      0.00 192193.00  619               2 200601                                    
  6.89845095E+05  7.14717690E+06 21 14   237.93      0.00 192194.00  620               2 200601                                    
  6.89812333E+05  7.14717567E+06 21 14   238.89      0.00 192195.00  621               2 200601                                    
  6.89779571E+05  7.14717443E+06 21 14   238.89      0.00 192196.00  622               2 200601                                    
  6.89746810E+05  7.14717319E+06 21 14   238.89      0.00 192197.00  623               2 200601                                    
  6.89714048E+05  7.14717195E+06 21 14   238.89      0.00 192198.00  624               2 200601                                    
  6.89681286E+05  7.14717071E+06 21 14   236.96      0.00 192199.00  625               2 200601                                    
  6.89648524E+05  7.14716948E+06 21 14   236.96      0.00 192200.00  626               2 200601                                    
  6.89615762E+05  7.14716824E+06 21 14   234.76      0.00 192201.00  627               2 200601                                    
  6.89583000E+05  7.14716700E+06 21 14   234.76      0.00 192202.00  628               2 200601                                    
  6.89546579E+05  7.14716811E+06 21 14   234.76      0.00 192203.00  629               2 200601                                    
  6.89510158E+05  7.14716921E+06 21 14   209.40      0.00 192204.00  630               2 200601                                    
  6.89473737E+05  7.14717032E+06 21 14   190.66      0.00 192205.00  631               2 200601                                    
  6.89437316E+05  7.14717142E+06 21 14   188.45      0.00 192206.00  632               2 200601                                    
  6.89400895E+05  7.14717253E+06 21 14   169.43      0.00 192207.00  633               2 200601                                    
  6.89364474E+05  7.14717363E+06 21 14   167.50      0.00 192208.00  634               2 200601                                    
  6.89328053E+05  7.14717474E+06 21 14   154.82      0.00 192209.00  635               2 200601                                    
  6.89291632E+05  7.14717584E+06 21 14   135.81      0.00 192210.00  636               2 200601                                    
  6.89255211E+05  7.14717695E+06 21 14   127.26      0.00 192211.00  637               2 200601                                    
  6.89218789E+05  7.14717805E+06 21 14    98.04      0.00 192212.00  638               2 200601                                    
  6.89182368E+05  7.14717916E+06 21 14    62.21      0.00 192213.00  639               2 200601                                    
  6.89145947E+05  7.14718026E+06 21 14    32.72      0.00 192214.00  640               2 200601                                    
  6.89109526E+05  7.14718137E+06 21 14    15.91      0.00 192215.00  641               2 200601                                    
  6.89073105E+05  7.14718247E+06 21 14     9.57      0.00 192216.00  642               2 200601                                    
  6.89036684E+05  7.14718358E+06 21 14     5.43      0.00 192217.00  643               2 200601                                    
  6.88726417E+05  7.14720092E+06 22 14   186.25      0.00 192226.00  652               2 200601                                    
  6.88693500E+05  7.14720350E+06 22 14   201.13      0.00 192227.00  653               2 200601                                    
  6.88660583E+05  7.14720608E+06 22 14   230.62      0.00 192228.00  654               2 200601                                    
  6.88627667E+05  7.14720867E+06 22 14   243.03      0.00 192229.00  655               2 200601                                    
  6.88359333E+05  7.14721789E+06 23 14   249.37      0.00 192237.00  663               2 200601                                    
  6.88325167E+05  7.14721761E+06 23 14   228.42      0.00 192238.00  664               2 200601                                    
  6.88291000E+05  7.14721733E+06 23 14   194.79      0.00 192239.00  665               2 200601                                    
  6.88256833E+05  7.14721706E+06 23 14   186.25      0.00 192240.00  666               2 200601                                    
  6.88222667E+05  7.14721678E+06 23 14   182.11      0.00 192241.00  667               2 200601                                    
  6.87714400E+05  7.14719600E+06 24 14   198.92      0.00 192256.00  682               2 200601                                    
  6.87681080E+05  7.14719240E+06 24 14   224.28      0.00 192257.00  683               2 200601                                    
  6.87647760E+05  7.14718880E+06 24 14   236.69      0.00 192258.00  684               2 200601                                    
  6.87614440E+05  7.14718520E+06 24 14   243.03      0.00 192259.00  685               2 200601                                    
  6.87581120E+05  7.14718160E+06 24 14   211.60      0.00 192260.00  686               2 200601                                    
  6.87547800E+05  7.14717800E+06 24 14   194.79      0.00 192261.00  687               2 200601                                    
  6.87514480E+05  7.14717440E+06 24 14   190.38      0.00 192262.00  688               2 200601                                    
  6.87347880E+05  7.14715640E+06 25 14   -47.21      0.00 192267.00  693               2 200601                                    
  6.87314560E+05  7.14715280E+06 25 14   -35.36      0.00 192268.00  694               2 200601                                    
  6.87281240E+05  7.14714920E+06 25 14   -23.51      0.00 192269.00  695               2 200601                                    
  6.87247920E+05  7.14714560E+06 25 14   -11.66      0.00 192270.00  696               2 200601                                    
  6.87214600E+05  7.14714200E+06 25 14    -0.91      0.00 192271.00  697               2 200601                                    
  6.87181280E+05  7.14713840E+06 25 14    85.36      0.00 192272.00  698               2 200601                                    
  6.87147960E+05  7.14713480E+06 25 14   118.99      0.00 192273.00  699               2 200601                                    
  6.87114640E+05  7.14713120E+06 25 14   188.45      0.00 192274.00  700               2 200601                                    
  6.87081320E+05  7.14712760E+06 25 14   201.13      0.00 192275.00  701               2 200601                                    
  6.87048000E+05  7.14712400E+06 25 14   268.38      0.00 192276.00  702               2 200601                                    
  6.86727487E+05  7.14707144E+06 26 14   255.70      0.00 192286.00  712               2 200601                                    
  6.86695436E+05  7.14706618E+06 26 14   245.23      0.00 192287.00  713               2 200601                                    
  6.86663385E+05  7.14706092E+06 26 14   211.60      0.00 192288.00  714               2 200601                                    
  6.86631333E+05  7.14705567E+06 26 14   186.25      0.00 192289.00  715               2 200601                                    
  6.86599282E+05  7.14705041E+06 26 14   171.64      0.00 192290.00  716               2 200601                                    
  6.86567231E+05  7.14704515E+06 26 14   152.62      0.00 192291.00  717               2 200601                                    
  6.86535179E+05  7.14703990E+06 26 14   139.94      0.00 192292.00  718               2 200601                                    
  6.86503128E+05  7.14703464E+06 26 14   118.99      0.00 192293.00  719               2 200601                                    
  6.86471077E+05  7.14702938E+06 26 14    93.63      0.00 192294.00  720               2 200601                                    
  6.86439026E+05  7.14702413E+06 26 14    60.01      0.00 192295.00  721               2 200601                                    
  6.86406974E+05  7.14701887E+06 26 14    53.67      0.00 192296.00  722               2 200601                                    
  6.86374923E+05  7.14701362E+06 26 14    40.99      0.00 192297.00  723               2 200601                                    
  6.86342872E+05  7.14700836E+06 26 14    26.38      0.00 192298.00  724               2 200601                                    
  6.86310821E+05  7.14700310E+06 26 14     7.36      0.00 192299.00  725               2 200601                                    
  6.86278769E+05  7.14699785E+06 26 14    -0.91      0.00 192300.00  726               2 200601                                    
  7.06381071E+05  7.15791950E+06  1 14   285.48      0.00 183499.00   82               2 200301                                    
  7.06361857E+05  7.15790000E+06  1 14   287.72      0.00 183500.00   83               2 200301                                    
  7.06342643E+05  7.15788050E+06  1 14   289.95      0.00 183501.00   84               2 200301                                    
  7.06323429E+05  7.15786100E+06  1 14   292.19      0.00 183502.00   85               2 200301                                    
  7.06304214E+05  7.15784150E+06  1 14   301.71      0.00 183503.00   86               2 200301                                    
  7.06285000E+05  7.15782200E+06  1 14   309.83      0.00 183504.00   87               2 200301                                    
  7.06265786E+05  7.15780250E+06  1 14   316.53      0.00 183505.00   88               2 200301                                    
  7.06246571E+05  7.15778300E+06  1 14   338.05      0.00 183506.00   89               2 200301                                    
  7.06208143E+05  7.15774400E+06  2 14   328.53      0.00 183508.00   91               2 200301                                    
  7.06188929E+05  7.15772450E+06  2 14   336.64      0.00 183509.00   92               2 200301                                    
  7.06169714E+05  7.15770500E+06  2 14   313.71      0.00 183510.00   93               2 200301                                    
  7.06150500E+05  7.15768550E+06  2 14   232.92      0.00 183511.00   94               2 200301                                    
  7.05884900E+05  7.15742045E+06  3 14   215.45      0.00 183524.00  107               2 200301                                    
  7.05863050E+05  7.15739903E+06  3 14   327.29      0.00 183525.00  108               2 200301                                    
  7.05775650E+05  7.15731333E+06  4 14   323.23      0.00 183529.00  112               2 200301                                    
  7.05753800E+05  7.15729190E+06  4 14   309.83      0.00 183530.00  113               2 200301                                    
  7.05731950E+05  7.15727047E+06  4 14   304.36      0.00 183531.00  114               2 200301                                    
  7.05710100E+05  7.15724905E+06  4 14   297.66      0.00 183532.00  115               2 200301                                    
  7.05688250E+05  7.15722763E+06  4 14   290.95      0.00 183533.00  116               2 200301                                    
  7.05666400E+05  7.15720620E+06  4 14   290.95      0.00 183534.00  117               2 200301                                    
  7.05644550E+05  7.15718478E+06  4 14   286.90      0.00 183535.00  118               2 200301                                    
  7.05622700E+05  7.15716335E+06  4 14   286.90      0.00 183536.00  119               2 200301                                    
  6.97170000E+05  7.15630900E+06  5 14   311.24      0.00 183821.00  404               2 200301                                    
  6.97145000E+05  7.15632711E+06  5 14   308.42      0.00 183822.00  405               2 200301                                    
  6.97120000E+05  7.15634522E+06  5 14   299.07      0.00 183823.00  406               2 200301                                    
  6.97095000E+05  7.15636333E+06  5 14   292.36      0.00 183824.00  407               2 200301                                    
  6.97070000E+05  7.15638144E+06  5 14   285.48      0.00 183825.00  408               2 200301                                    
  6.97045000E+05  7.15639956E+06  5 14   277.55      0.00 183826.00  409               2 200301                                    
  6.96602091E+05  7.15663382E+06  6 14   284.25      0.00 183842.00  425               2 200301                                    
  6.96573515E+05  7.15664730E+06  6 14   301.71      0.00 183843.00  426               2 200301                                    
  6.96544939E+05  7.15666079E+06  6 14   320.59      0.00 183844.00  427               2 200301                                    
  6.96487788E+05  7.15668776E+06  7 14   317.94      0.00 183846.00  429               2 200301                                    
  6.96459212E+05  7.15670124E+06  7 14   304.36      0.00 183847.00  430               2 200301                                    
  6.96430636E+05  7.15671473E+06  7 14   282.84      0.00 183848.00  431               2 200301                                    
  6.96202030E+05  7.15682261E+06  8 14   253.20      0.00 183856.00  439               2 200301                                    
  6.96173455E+05  7.15683609E+06  8 14   276.13      0.00 183857.00  440               2 200301                                    
  6.96144879E+05  7.15684958E+06  8 14   324.65      0.00 183858.00  441               2 200301                                    
  6.95946600E+05  7.15694610E+06  9 14   319.18      0.00 183865.00  448               2 200301                                    
  6.95918900E+05  7.15696065E+06  9 14   309.83      0.00 183866.00  449               2 200301                                    
  6.95891200E+05  7.15697520E+06  9 14   296.42      0.00 183867.00  450               2 200301                                    
  6.95863500E+05  7.15698975E+06  9 14   288.31      0.00 183868.00  451               2 200301                                    
  6.95835800E+05  7.15700430E+06  9 14   280.19      0.00 183869.00  452               2 200301                                    
  6.95808100E+05  7.15701885E+06  9 14   276.13      0.00 183870.00  453               2 200301                                    
  6.86991000E+05  7.15575383E+06 10 14   299.07      0.00 184367.00  950               2 200301                                    
  6.86964000E+05  7.15577700E+06 10 14   305.77      0.00 184368.00  951               2 200301                                    
  6.86934000E+05  7.15579683E+06 10 14   312.47      0.00 184369.00  952               2 200301                                    
  6.86234857E+05  7.15619286E+06 11 14   315.30      0.00 184392.00  975               2 200301                                    
  6.86203333E+05  7.15620267E+06 11 14   316.53      0.00 184393.00  976               2 200301                                    
  6.86171810E+05  7.15621248E+06 11 14   304.36      0.00 184394.00  977               2 200301                                    
  6.86140286E+05  7.15622229E+06 11 14   296.42      0.00 184395.00  978               2 200301                                    
  6.85500000E+05  7.15658714E+06 12 14   290.95      0.00 184418.00 1001               2 200301                                    
  6.85482000E+05  7.15661557E+06 12 14   293.60      0.00 184419.00 1002               2 200301                                    
  6.85464000E+05  7.15664400E+06 12 14   299.07      0.00 184420.00 1003               2 200301                                    
  6.85454778E+05  7.15667844E+06 12 14   304.36      0.00 184421.00 1004               2 200301                                    
  6.85445556E+05  7.15671289E+06 12 14   320.59      0.00 184422.00 1005               2 200301                                    
  6.85390222E+05  7.15691956E+06 13 14   328.70      0.00 184428.00 1011               2 200301                                    
  6.85381000E+05  7.15695400E+06 13 14   322.00      0.00 184429.00 1012               2 200301                                    
  6.85366800E+05  7.15698940E+06 13 14   317.94      0.00 184430.00 1013               2 200301                                    
  6.85352600E+05  7.15702480E+06 13 14   313.89      0.00 184431.00 1014               2 200301                                    
  6.83310941E+05  7.15931635E+06 14 14   316.71      0.00 184521.00 1104               2 200301                                    
  6.83278000E+05  7.15932600E+06 14 14   330.11      0.00 184522.00 1105               2 200301                                    
  6.83246071E+05  7.15932800E+06 14 14   346.34      0.00 184523.00 1106               2 200301                                    
  6.82831000E+05  7.15935400E+06 15 14   353.05      0.00 184536.00 1119               2 200301                                    
  6.82797720E+05  7.15936056E+06 15 14   344.93      0.00 184537.00 1120               2 200301                                    
  6.82764440E+05  7.15936712E+06 15 14   330.11      0.00 184538.00 1121               2 200301                                    
  6.82731160E+05  7.15937368E+06 15 14   311.42      0.00 184539.00 1122               2 200301                                    
  6.81797727E+05  7.15959218E+06 16 14   336.99      0.00 184567.00 1150               2 200301                                    
  6.81764182E+05  7.15960455E+06 16 14   359.75      0.00 184568.00 1151               2 200301                                    
  6.81697091E+05  7.15962927E+06 17 14   361.16      0.00 184570.00 1153               2 200301                                    
  6.81663545E+05  7.15964164E+06 17 14   340.88      0.00 184571.00 1154               2 200301                                    
  6.81630000E+05  7.15965400E+06 17 14   324.82      0.00 184572.00 1155               2 200301                                    
  6.81594091E+05  7.15966182E+06 17 14   319.35      0.00 184573.00 1156               2 200301                                    
  6.81095000E+05  7.15975360E+06 18 14   320.77      0.00 184587.00 1170               2 200301                                    
  6.81060000E+05  7.15975700E+06 18 14   327.47      0.00 184588.00 1171               2 200301                                    
  6.81025000E+05  7.15976040E+06 18 14   348.99      0.00 184589.00 1172               2 200301                                    
  6.80990000E+05  7.15976380E+06 18 14   358.52      0.00 184590.00 1173               2 200301                                    
  6.80851300E+05  7.15978750E+06 19 14   351.64      0.00 184594.00 1177               2 200301                                    
  6.80817600E+05  7.15980100E+06 19 14   336.82      0.00 184595.00 1178               2 200301                                    
  6.80783900E+05  7.15981450E+06 19 14   326.06      0.00 184596.00 1179               2 200301                                    
  6.80345800E+05  7.15999000E+06 20 14   314.06      0.00 184609.00 1192               2 200301                                    
  6.80312100E+05  7.16000350E+06 20 14   351.64      0.00 184610.00 1193               2 200301                                    
  6.80140800E+05  7.16005000E+06 21 14   340.88      0.00 184615.00 1198               2 200301                                    
  6.80105700E+05  7.16005300E+06 21 14   328.88      0.00 184616.00 1199               2 200301                                    
  6.80070600E+05  7.16005600E+06 21 14   314.06      0.00 184617.00 1200               2 200301                                    
  6.80035500E+05  7.16005900E+06 21 14   310.00      0.00 184618.00 1201               2 200301                                    
  6.79459500E+05  7.15990525E+06 22 14   310.00      0.00 184637.00 1220               2 200301                                    
  6.79437333E+05  7.15988267E+06 22 14   311.24      0.00 184638.00 1221               2 200301                                    
  6.79415167E+05  7.15986008E+06 22 14   315.30      0.00 184639.00 1222               2 200301                                    
  6.79393000E+05  7.15983750E+06 22 14   326.06      0.00 184640.00 1223               2 200301                                    
  6.79370833E+05  7.15981492E+06 22 14   344.93      0.00 184641.00 1224               2 200301                                    
  6.79205000E+05  7.15966900E+06 23 14   359.75      0.00 184648.00 1231               2 200301                                    
  6.79177500E+05  7.15965250E+06 23 14   350.40      0.00 184649.00 1232               2 200301                                    
  6.79150000E+05  7.15963600E+06 23 14   346.34      0.00 184650.00 1233               2 200301                                    
  6.79118600E+05  7.15962860E+06 23 14   338.23      0.00 184651.00 1234               2 200301                                    
  6.79087200E+05  7.15962120E+06 23 14   331.53      0.00 184652.00 1235               2 200301                                    
  6.78215000E+05  7.15956400E+06 24 14   332.94      0.00 184678.00 1261               2 200301                                    
  6.78185500E+05  7.15955700E+06 24 14   351.64      0.00 184679.00 1262               2 200301                                    
  6.77520400E+05  7.15954200E+06 25 14   358.52      0.00 184702.00 1285               2 200301                                    
  6.77490700E+05  7.15955200E+06 25 14   340.88      0.00 184703.00 1286               2 200301                                    
  6.77461000E+05  7.15956200E+06 25 14   335.58      0.00 184704.00 1287               2 200301                                    
  6.77287000E+05  7.15965800E+06 26 14   326.06      0.00 184710.00 1293               2 200301                                    
  6.77258000E+05  7.15967400E+06 26 14   342.29      0.00 184711.00 1294               2 200301                                    
  6.77229000E+05  7.15969000E+06 26 14   351.64      0.00 184712.00 1295               2 200301                                    
  6.77200000E+05  7.15970600E+06 26 14   354.46      0.00 184713.00 1296               2 200301                                    
  6.76884750E+05  7.15976775E+06 27 14   348.99      0.00 184723.00 1306               2 200301                                    
  6.76854125E+05  7.15976763E+06 27 14   335.58      0.00 184724.00 1307               2 200301                                    
  6.76823500E+05  7.15976750E+06 27 14   331.53      0.00 184725.00 1308               2 200301                                    
  6.97676000E+05  7.14271914E+06  1 14   189.77      0.00 190188.00   24               2 200701                                    
  6.97702000E+05  7.14274071E+06  1 14   174.26      0.00 190189.00   25               2 200701                                    
  6.97728000E+05  7.14276229E+06  1 14   129.47      0.00 190190.00   26               2 200701                                    
  6.98070061E+05  7.14314703E+06  2 14    16.12      0.00 190205.00   41               2 200701                                    
  6.98094076E+05  7.14317129E+06  2 14    24.05      0.00 190206.00   42               2 200701                                    
  6.98118091E+05  7.14319555E+06  2 14    29.21      0.00 190207.00   43               2 200701                                    
  6.98142106E+05  7.14321980E+06  2 14    52.99      0.00 190208.00   44               2 200701                                    
  6.98166121E+05  7.14324406E+06  2 14    68.84      0.00 190209.00   45               2 200701                                    
  6.98190136E+05  7.14326832E+06  2 14    79.52      0.00 190210.00   46               2 200701                                    
  6.98214152E+05  7.14329258E+06  2 14   105.70      0.00 190211.00   47               2 200701                                    
  6.98238167E+05  7.14331683E+06  2 14   126.72      0.00 190212.00   48               2 200701                                    
  6.99661333E+05  7.14475300E+06  3 14   176.68      0.00 190271.00  107               2 200701                                    
  6.99686917E+05  7.14477850E+06  3 14   126.72      0.00 190272.00  108               2 200701                                    
  6.99712500E+05  7.14480400E+06  3 14   116.04      0.00 190273.00  109               2 200701                                    
  6.99738083E+05  7.14482950E+06  3 14   113.63      0.00 190274.00  110               2 200701                                    
  7.00728455E+05  7.14583255E+06  4 14   129.47      0.00 190313.00  149               2 200701                                    
  7.00755159E+05  7.14585659E+06  4 14   140.16      0.00 190314.00  150               2 200701                                    
  7.00781864E+05  7.14588064E+06  4 14   148.08      0.00 190315.00  151               2 200701                                    
  7.00808568E+05  7.14590468E+06  4 14   169.10      0.00 190316.00  152               2 200701                                    
  7.00835273E+05  7.14592873E+06  4 14   179.43      0.00 190317.00  153               2 200701                                    
  7.00861977E+05  7.14595277E+06  4 14   184.95      0.00 190318.00  154               2 200701                                    
  7.01235841E+05  7.14628941E+06  5 14   192.52      0.00 190332.00  168               2 200701                                    
  7.01262545E+05  7.14631345E+06  5 14   179.43      0.00 190333.00  169               2 200701                                    
  7.01289250E+05  7.14633750E+06  5 14   142.57      0.00 190334.00  170               2 200701                                    
  7.01315955E+05  7.14636155E+06  5 14   127.06      0.00 190335.00  171               2 200701                                    
  7.01938895E+05  7.14699768E+06  6 14   158.42      0.00 190359.00  195               2 200701                                    
  7.01964316E+05  7.14702595E+06  6 14   195.28      0.00 190360.00  196               2 200701                                    
  7.01989737E+05  7.14705421E+06  6 14   211.13      0.00 190361.00  197               2 200701                                    
  7.02348150E+05  7.14743380E+06  7 14   200.45      0.00 190375.00  211               2 200701                                    
  7.02373800E+05  7.14746060E+06  7 14   192.52      0.00 190376.00  212               2 200701                                    
  7.02399450E+05  7.14748740E+06  7 14   174.26      0.00 190377.00  213               2 200701                                    
  7.02963750E+05  7.14807700E+06  8 14   229.39      0.00 190399.00  235               2 200701                                    
  7.02989400E+05  7.14810380E+06  8 14   229.39      0.00 190400.00  236               2 200701                                    
  7.03015050E+05  7.14813060E+06  8 14   229.39      0.00 190401.00  237               2 200701                                    
  7.03040700E+05  7.14815740E+06  8 14   208.37      0.00 190402.00  238               2 200701                                    
  7.03066350E+05  7.14818420E+06  8 14   190.11      0.00 190403.00  239               2 200701                                    
  7.06486538E+05  7.15141238E+06  9 14   202.67      0.00 190545.00  381               2 200701                                    
  7.06516615E+05  7.15142815E+06  9 14   244.78      0.00 190546.00  382               2 200701                                    
  7.06546692E+05  7.15144392E+06  9 14   254.93      0.00 190547.00  383               2 200701                                    
  7.06576769E+05  7.15145969E+06  9 14   256.69      0.00 190548.00  384               2 200701                                    
  7.06896091E+05  7.15165755E+06 10 14   246.55      0.00 190559.00  395               2 200701                                    
  7.06924727E+05  7.15167636E+06 10 14   212.81      0.00 190560.00  396               2 200701                                    
  7.07096545E+05  7.15178927E+06 11 14   219.65      0.00 190566.00  402               2 200701                                    
  7.07125182E+05  7.15180809E+06 11 14   219.65      0.00 190567.00  403               2 200701                                    
  7.07153818E+05  7.15182691E+06 11 14   219.65      0.00 190568.00  404               2 200701                                    
  7.07182455E+05  7.15184573E+06 11 14   226.26      0.00 190569.00  405               2 200701                                    
  7.07211091E+05  7.15186455E+06 11 14   229.57      0.00 190570.00  406               2 200701                                    
  7.07239727E+05  7.15188336E+06 11 14   234.64      0.00 190571.00  407               2 200701                                    
  7.07268364E+05  7.15190218E+06 11 14   241.48      0.00 190572.00  408               2 200701                                    
  7.07297000E+05  7.15192100E+06 11 14   243.24      0.00 190573.00  409               2 200701                                    
  7.07830077E+05  7.15226715E+06 12 14   263.31      0.00 190593.00  429               2 200701                                    
  7.07856731E+05  7.15228446E+06 12 14   253.16      0.00 190594.00  430               2 200701                                    
  7.07883385E+05  7.15230177E+06 12 14   239.71      0.00 190595.00  431               2 200701                                    
  7.07910038E+05  7.15231908E+06 12 14   231.33      0.00 190596.00  432               2 200701                                    
  7.07936692E+05  7.15233638E+06 12 14   224.72      0.00 190597.00  433               2 200701                                    
  7.07963346E+05  7.15235369E+06 12 14   214.58      0.00 190598.00  434               2 200701                                    
  7.07990000E+05  7.15237100E+06 12 14   209.50      0.00 190599.00  435               2 200701                                    
  7.08151520E+05  7.15249988E+06 13 14   214.58      0.00 190605.00  441               2 200701                                    
  7.08178440E+05  7.15252136E+06 13 14   217.88      0.00 190606.00  442               2 200701                                    
  7.08205360E+05  7.15254284E+06 13 14   236.41      0.00 190607.00  443               2 200701                                    
  7.08232280E+05  7.15256432E+06 13 14   254.93      0.00 190608.00  444               2 200701                                    
  7.08393800E+05  7.15269320E+06 14 14   256.69      0.00 190614.00  450               2 200701                                    
  7.08420720E+05  7.15271468E+06 14 14   248.09      0.00 190615.00  451               2 200701                                    
  7.08447640E+05  7.15273616E+06 14 14   241.37      0.00 190616.00  452               2 200701                                    
  7.08474560E+05  7.15275764E+06 14 14   234.64      0.00 190617.00  453               2 200701                                    
  7.08501480E+05  7.15277912E+06 14 14   231.33      0.00 190618.00  454               2 200701                                    
  7.08528400E+05  7.15280060E+06 14 14   226.26      0.00 190619.00  455               2 200701                                    
  7.08555320E+05  7.15282208E+06 14 14   222.95      0.00 190620.00  456               2 200701                                    
  7.08582240E+05  7.15284356E+06 14 14   219.65      0.00 190621.00  457               2 200701                                    
  7.14706762E+05  7.15983105E+06 15 14   158.79      0.00 190874.00  710               2 200701                                    
  7.14729667E+05  7.15986167E+06 15 14   175.55      0.00 190875.00  711               2 200701                                    
  7.14752571E+05  7.15989229E+06 15 14   205.76      0.00 190876.00  712               2 200701                                    
  7.14775476E+05  7.15992290E+06 15 14   214.35      0.00 190877.00  713               2 200701                                    
  7.14798381E+05  7.15995352E+06 15 14   215.90      0.00 190878.00  714               2 200701                                    
  7.15258960E+05  7.16038136E+06 16 14   202.45      0.00 190895.00  731               2 200701                                    
  7.15289080E+05  7.16040228E+06 16 14   182.38      0.00 190896.00  732               2 200701                                    
  7.15319200E+05  7.16042320E+06 16 14   141.81      0.00 190897.00  733               2 200701                                    
  7.15349320E+05  7.16044412E+06 16 14   131.89      0.00 190898.00  734               2 200701